-1.653859704634027539e+00
-1.854447768763878734e+00
-4.807675824098152084e-01
-1.142194773961954901e+00
-7.827260602582860605e-01
-1.461270651980989488e+00
-1.480375238907584379e+00
-6.466004106346479041e-01
-3.867840321092713696e-01
-4.019732943077702902e-01
-9.412192615948946628e-01
-6.542403020811644598e-01
-8.081509183281179176e-01
-1.818719665025575694e+00
-8.373638955156158525e-01
3.277952179692357859e+00
1.580188799701147673e+00
9.719181290968786913e-01
2.061184151934393194e-01
2.262404351597046004e-01
1.479313534948129227e+00
1.198448375725251536e+00
-7.210961859835316456e-01
3.213035120790915800e-01
1.624592319995703305e+00
1.577508709321504110e+00
5.887986832686109562e-01
9.414948343307262268e-01
1.649196925238122891e+00
4.014829131120708494e-01
-7.359118248995617506e-01
-6.529749516658300834e-04
-8.578518713906874149e-01
7.280719425782526955e-01
-1.508805401058573192e+00
-4.264154204230208300e-02
1.338728423297806280e+00
1.234792983525864196e+00
4.873285563371532181e-02
2.279206689188813861e+00
6.624730782202747914e-02
1.205482936445793962e+00
7.955359359508318295e-02
1.746755683857690311e-01
3.965038950013100028e-03
1.564787736290629283e-01
-2.006232090370155818e-01
-1.748282703533492022e+00
9.844009258872064017e-01
-1.254560044668282526e+00
5.987256019207687352e-01
9.102854309686796430e-01
7.739180548941652082e-01
1.596573884496425233e+00
1.641205594816602442e+00
4.676594367968115451e-01
2.143034051259424366e+00
8.050522211192876476e-01
6.887787914449415849e-01
-5.882961311159595752e-01
7.041467541009283071e-02
1.514283014717315190e+00
9.900176518178357421e-01
1.071296188843154695e+00
7.899226624386432860e-01
8.835554399998576391e-01
8.825389640920056067e-02
4.382627846314913755e-01
1.185810366185948039e+00
2.190139764138824496e+00
3.988785645503318822e-01
-6.271111283314700913e-01
2.711041010616499491e-01
-2.224060413712802831e-02
-1.239951331287426406e+00
2.271644929955618508e-01
-7.823665545042135516e-01
4.198144338543914333e-01
-2.658229516878567011e+00
-6.845858833993043735e-01
-1.159838662279701227e+00
-2.352991832774091741e-01
4.689865889514877040e-02
-1.141331268915546815e+00
-2.495373113965189127e-01
1.917543511238357645e-01
1.236565947398535759e+00
-4.319006539583214455e-02
5.296285842219882189e-01
3.106157088037675429e-02
-1.060647208540698161e-01
-1.510335948416098528e+00
-1.222974407072709990e+00
-2.252026329084384493e+00
-1.069966759927894806e+00
-2.338365272579163268e+00
-1.295009522550719661e+00
-8.895742642456663241e-01
-2.189362024979951915e+00
-2.773088753548744734e-01
4.689498074825799723e-01
3.375402201486543241e+00
7.668305902726152423e-01
6.364583641397425495e-02
1.990176048020106947e+00
-1.059016694214096610e+00
-3.133858580964579144e-01
-6.692445795121886309e-01
-1.393036468810018746e+00
-2.262776041439623853e+00
2.894627896606585260e-01
1.641868091696476739e+00
-1.716226869275283562e-01
2.916441397980551464e-02
2.714871047567968265e-01
7.051004732343455483e-01
1.951950398899943373e+00
1.513579146563441835e+00
8.920732875337209489e-01
1.221749337424771653e+00
1.294364327913454016e+00
-1.172259712127276643e+00
1.270832800739888357e-01
2.934945638700968695e-01
6.574708363029927449e-01
-3.859092161226110873e-01
-1.832279469741058486e+00
-4.756197835339932567e-01
-1.659181277557823631e+00
-1.397222018538675004e+00
-5.053470645991104959e-01
-9.276204480466405666e-01
-3.432702607184623389e-01
-8.239871301012935412e-01
-9.223482479347476781e-01
-1.435474656085119260e+00
-8.955616210664675281e-01
-1.767321036082512009e+00
-4.222751884599135197e-01
-5.428278535164595686e-01
9.304419095480700452e-01
2.133811054476767666e+00
1.585493081339296229e+00
8.587787949608591820e-01
5.540364225655498576e-01
-1.346308370431020363e+00
-7.388881603959426281e-01
-1.417170972270481499e+00
-1.867748152568160069e+00
-5.787279093777901728e-01
5.125682397803066337e-01
-1.244159388645097675e+00
5.681029273829398818e-01
-1.155566474293267643e+00
-4.398908728886927744e-01
3.950853188913030500e-01
1.838120213476136744e+00
1.326852590339985705e+00
2.127348156758215314e+00
1.320997860818579728e+00
-1.814436997364554660e+00
-5.302555853865638102e-01
-2.087583930040705305e+00
-1.097128116620878613e+00
-6.711006955549094766e-01
-8.001115055025489475e-01
-1.953219545945475311e+00
5.703608319945381311e-01
-2.633878007657165288e+00
-7.881973607281522742e-01
-3.556746368787854218e-01
-1.452374033219197447e+00
-1.740909523857785857e+00
-2.539500061081517934e+00
-1.626783677576304932e+00
-1.665169915304923531e+00
1.160294574004454571e+00
-2.411260579800525328e+00
1.227687794601326488e-01
-3.706300529617129191e-01
1.300733536427752579e+00
1.772310813935407126e-01
6.983468783332215102e-01
8.930286337510668915e-01
-3.632026797934944096e-01
8.835500645631235717e-01
-1.203902969466841277e-01
1.711575639333126730e+00
1.108170994248965036e+00
2.018749787031694165e+00
8.962976333759574699e-01
1.078768881111441313e+00
1.409673257841234539e+00
-1.818277218740866896e-01
1.587467599327203160e+00
-1.697166482260751508e+00
-1.565906212088392202e+00
-1.083171714131769603e+00
-6.488054420503436281e-01
-1.023285300363405481e+00
1.160334180157432282e+00
2.094436686015892946e+00
8.004478621983954767e-01
1.241292299789242826e+00
3.217065911653539612e+00
2.406719072415324234e-01
1.284497381588841414e+00
1.372618434884696370e+00
5.223986129934922173e-01
5.858405313054826369e-01
-1.006190475930998085e+00
-1.993428600407605167e+00
-2.685641394839186624e-01
-1.341828951482049170e-02
9.970853943807214126e-01
1.912470286284920107e+00
1.472255085484715398e+00
2.150587677153488642e+00
9.633413690969426790e-01
4.153434809894421820e-01
1.421526811266999646e+00
7.684763429499746890e-01
1.688500495512470501e+00
2.910401139469906973e+00
1.489653313878229746e-01
1.312905647965622036e+00
1.454531468466880861e+00
1.653122071238965596e+00
1.956726279381092670e+00
2.168597614946099927e+00
1.355661383912236229e+00
2.258321571051308929e+00
9.466621180610563790e-01
1.730843758296654489e+00
3.432791629463394223e-02
-8.376296512940277772e-01
-1.448495800056818217e+00
5.336132173147745128e-02
-1.898829146288274039e+00
-6.082414545756675839e-01
-1.067210404326862649e+00
-1.233144775909054580e+00
-2.325445470992691721e+00
6.012670684170442481e-01
3.788836682305098957e-01
-2.081899778265108303e+00
-7.513367203079618362e-01
-1.621972118537417185e+00
-1.210702009050569350e+00
-4.389554884319295525e-01
7.691624269432344452e-01
2.085886535806253939e+00
2.815026466937027294e+00
1.254906702598769019e+00
1.430671038930821926e+00
-1.182593962429634438e-02
-8.919331977245008591e-01
-1.185259694223280924e+00
-3.537858259718706933e-01
-1.557471559503678105e+00
-1.970996314819783990e-01
-1.983244185971675400e-01
-9.282537054152947276e-01
-1.665230782047162128e+00
-1.408683955748054162e+00
1.438051566800175429e+00
1.252977134974873952e+00
1.191673857651691204e+00
1.049962076663055299e+00
1.434313132496190857e+00
-1.404965164672871136e+00
-1.756080131278228151e+00
-1.743204007147516776e+00
-1.211271336823183553e+00
-1.038478410799852814e+00
-2.142121980852390806e+00
-9.186493274037889067e-01
-1.278677637837025927e+00
-6.351472666601971628e-01
-1.569212770130977486e+00
-2.134817513936087430e+00
-2.536445906812559770e+00
-1.779407455687691542e+00
-2.073272099325455198e+00
-1.075264164355696161e+00
-2.409477851002260085e+00
-6.973728483868872896e-01
2.594408858084551461e-02
-8.373715860930465160e-01
-1.421630038245496497e+00
2.372956421334725619e+00
3.661711090104391442e-01
3.282908509987474410e-01
2.304181496930225226e+00
7.683216933407144289e-02
1.394824480621980944e+00
1.413892588821847873e-01
9.840733126207923398e-01
1.190481276706434111e+00
-5.210869570466813983e-02
1.127351609612561534e+00
4.073611477686895910e-01
1.947414623577867321e+00
2.166193611176479905e+00
7.455054448098584752e-01
-5.838559471302210424e-01
-2.024668786057723047e+00
-1.420224999841596558e+00
-1.665371410197675095e+00
-5.807503526379583780e-01
-3.400089597208406644e-01
1.756832894599738015e+00
1.549157043169864245e+00
2.282536644232202594e-02
4.218846798966529033e-01
1.716239562453958367e+00
6.793575150207681324e-01
9.036443314816515748e-01
8.297417855908532092e-01
8.885599677167963506e-01
-1.116824599178955824e+00
-2.991481441829689558e+00
-1.804295768297687896e+00
-1.218719931623862607e+00
-1.502534120408498097e+00
4.349653512861585414e-01
5.049720566374866770e-01
1.464881088000869358e+00
-5.851734651922035901e-02
1.356115571685324594e+00
3.009388594618065405e-01
2.136516602624234373e-01
1.037991404463213474e+00
8.657616275787149984e-01
4.367875665282218156e-01
2.146966322881232792e+00
-3.038962286516562195e-01
2.207480730498230237e+00
1.510605058584628235e+00
7.846128881076515071e-01
-2.063241274611646858e-01
-4.385427843229416922e-01
1.650503260399877270e+00
1.336633431320763066e+00
9.832931383782823609e-01
-1.565202690411164443e+00
-1.677806646389044642e+00
4.108723010371568840e-01
-1.386323531090663419e+00
-5.460177283652918323e-01
-1.363296634917032124e+00
-1.135172329296704641e+00
-2.863726321416533160e-01
-1.525315970223860340e+00
-1.781967021856688538e+00
-2.132527150027756946e+00
-1.121952124509668636e+00
-1.816735627979169765e+00
-1.106643937696968116e+00
-1.470822984048657522e+00
1.383115404535193660e+00
3.514899257722019499e-01
1.030562047418160265e+00
1.482190135219961125e+00
-5.706368035298019503e-01
-1.532968276402433716e+00
-1.176331258188278328e+00
8.956987760377648211e-01
-1.626765030332575357e-01
-8.152580887033960000e-01
2.029729493820911390e+00
-5.065029409931843807e-01
-1.908712397259874294e+00
-7.601181471790019462e-01
-9.660522929844048701e-01
6.995301477687709824e-01
1.648843773321244655e-01
1.394059426282621361e+00
2.295341926661289556e+00
1.732902445761906662e+00
-4.545938846813960543e-01
-7.413191207605794864e-01
3.469394739493745217e-01
-1.049060867934529240e+00
-1.318752418281762928e+00
1.990797066047247377e+00
2.705494322986770062e+00
-7.766162618486842639e-01
-1.067359105702625932e+00
1.393153549890059795e+00
2.034139998165795049e+00
4.357790357797557412e-01
6.437842847162016380e-01
5.313997852614456008e-01
2.326311271024200655e-01
1.583235008703197888e+00
4.887168648258951587e-01
1.860644906795679177e+00
6.665796575783706768e-01
-1.386846862490758170e-01
-9.237950322813053283e-01
-1.868685885382335155e+00
-1.571095026835055197e+00
-2.448747578551042636e+00
-1.356797631043902719e+00
-9.078157029392122102e-01
-1.928068064063195752e+00
-9.534776370799276091e-01
-1.015313399523255056e+00
-1.634828923656938882e+00
-1.282802050464589616e+00
-1.257835974103741261e+00
-1.434075434008368344e+00
-5.165692465717179882e-01
4.291511713702131914e-01
1.169087064053150105e+00
1.769307605532817185e+00
1.594913763090074932e+00
7.223071654755277571e-01
8.526394564540312748e-01
9.879857410402648199e-01
-8.644830410377235541e-02
-2.839896499464810375e+00
-9.881007683613826087e-01
-1.828038198638133771e+00
-1.043981052125322551e+00
-6.407114760441143808e-01
-2.236268505046670185e+00
-1.236753171605517121e+00
-7.293775634793606688e-01
1.949718841308907935e+00
9.222267586761438984e-01
3.567541770123519029e-01
1.705832984214584069e+00
1.338788530410946587e+00
-3.261051388940421347e-01
-2.235853633722600264e+00
-8.548970546171963392e-01
-1.456015770848115842e+00
-1.296878729273297726e+00
-3.248256317947782357e+00
-6.841306434492664401e-01
-1.439401032014363757e+00
-1.893070940579661965e-01
-3.841166925555882239e-01
-1.446254143280609306e+00
-9.256803084208695687e-01
-6.542671545833640412e-01
-1.070700539987849531e+00
-1.388877636099922652e+00
-4.381545990780494337e-01
8.983034502129161325e-01
1.465408967079013802e-01
-1.594247274130496717e+00
1.272135632751383305e-01
-7.682708466019039228e-02
9.151397676607949672e-01
2.640263041161349022e+00
5.828200791145250470e-01
9.916771977223931556e-01
1.256446618256601866e+00
-6.539792038975136279e-01
1.995115960885300632e+00
-1.926455800403565899e-01
1.478930182225167922e+00
-6.990041602086960459e-02
1.689185827015890151e+00
1.335376252808786690e+00
8.658972322604030492e-01
1.472321460682144201e+00
-2.089054106205988415e+00
-4.065664828821974552e+00
-8.258398042579885301e-01
-1.643707938846715955e+00
-9.764574378923456255e-01
7.067336982562175685e-01
1.578358180810800260e+00
-4.302624748271950406e-01
1.466189678863282442e+00
-4.083624965039778232e-02
1.536835057274915428e+00
6.511557168038366594e-01
3.120050725758130028e-01
9.729004815918509408e-01
-1.599771904308178172e-02
-1.677235066447526624e+00
-1.481819085216262710e-02
-1.252079387543939326e+00
-6.974878193397886506e-01
-4.632844987636864920e-01
1.456563254240458738e+00
1.893925916388174535e+00
1.852134154400550514e+00
1.432328833515273292e+00
1.560025002290207574e+00
1.649998595904988097e+00
1.412027822180018877e+00
4.184315731588595932e-01
1.474451770172326981e-01
1.684916241542684379e+00
2.527353520881710391e+00
1.521776678883371092e+00
-6.459449163208390576e-01
1.038024202192855405e-01
1.459748892854896285e+00
-6.104084714137365530e-01
6.570909591422098295e-01
1.344126916216393131e+00
9.974341600967246979e-01
2.157085648043130632e+00
-1.545030732055448830e+00
1.897817116744677790e-01
4.047210510880712153e-01
-1.946398769266056927e+00
-7.470080724953311879e-01
-1.125616839542870506e+00
-1.406911754579526441e+00
-9.828341941869597198e-01
-7.511316361562785371e-01
-2.196997955654057533e-01
-2.228714138605671025e+00
-2.583067842484597643e-01
-6.450142515508376917e-01
-3.403579884544343237e-01
-1.469105916516642907e+00
9.506444174149664139e-02
5.125496055319869182e-01
2.067806614704724044e+00
1.088165142241147354e+00
2.384970206841278140e-01
-7.404591060150498283e-01
-8.214341809552341278e-01
1.013736573067770319e+00
-7.805233958329533817e-01
7.048701364221565679e-01
-2.041005767156569561e+00
-9.669604302443135513e-01
-6.075800159186230953e-01
-7.965666357231163675e-01
-2.232372529845712883e+00
1.812259548857476199e+00
-2.042686014162944375e-01
1.064460609522803303e+00
4.485020312616344595e-01
6.175638166407865226e-01
-1.789351884180674812e+00
-7.718204986480299290e-01
1.279167449697473646e-01
-9.574255703008128782e-01
-1.030402669297644680e+00
3.094431743894054954e-02
-1.971258540397833325e-01
1.348762019433350279e+00
2.394131507991097862e+00
3.875131267147062797e-01
1.011760368847530733e-01
5.635268612337358540e-01
1.114327609426172039e+00
2.749705081514300931e-01
-5.823748726103337159e-01
-3.070854283398258833e-01
1.135892696708899585e+00
3.064640367896693807e+00
1.338754385427848748e+00
1.105551599532551110e+00
-2.669491405328148659e+00
1.004839085134321852e+00
-2.120109525454676458e+00
-2.014167347967131150e+00
-1.598478492927732475e+00
9.471519225116131757e-02
-8.158430876190614356e-02
-7.504130075231068009e-01
-5.951156558763454063e-01
3.539456525438677836e-02
-1.091930047591396669e+00
-8.246882213603425882e-01
-1.197486822223214453e+00
-8.763563312795814575e-01
-6.952837965292731903e-01
-3.629445106060193993e-01
1.090029840435372321e+00
6.382721063720897536e-01
5.678998308655038851e-01
9.881560377111064941e-02
-1.635549841256481063e+00
-5.698016416188709243e-01
-1.804346434279439082e+00
-1.574195254857822412e+00
-7.273960313077284523e-01
-2.160114602478248269e+00
-1.810950392464957925e+00
-5.547307012822180194e-01
2.840912707693146189e-01
-5.866705681103584480e-01
-2.541996977737968066e-01
2.178588219399903547e+00
1.947052696731730759e+00
9.926975828328791218e-01
1.125020844486676497e+00
-6.390636343399941355e-01
-6.927539488059740735e-01
3.681633471953118519e-01
-1.919347833553526117e+00
-1.922516105836347799e+00
-2.029373351250122859e+00
3.029124582396156562e-01
-3.167122339963134303e-01
-8.652324453142727911e-01
-6.840323786990545329e-01
7.224201792799234134e-02
-6.364221802449392396e-01
-5.711627044179905521e-01
-2.367297185884905453e+00
-6.075781319723785323e-01
-1.657586775453593564e+00
-2.380475763915955056e+00
-2.318712943437617469e-01
-2.236912175245920231e+00
-1.796421866410636614e+00
3.187298995237233257e-01
1.429872197664129319e-01
3.799779917687866160e+00
1.013091515955331756e+00
6.953595637106406713e-01
8.136128650119678341e-02
1.177303736818803070e+00
2.196853129428415485e-01
4.020187355747389946e-01
1.678019298348657484e+00
1.718582261778067055e+00
-3.041636034192962690e-02
1.546992346967991594e+00
2.426337981238891217e+00
9.755302418954283628e-01
-1.495610457174788799e+00
1.510419665130793287e-01
-1.023919741077843781e+00
4.999190027035076422e-01
-1.715314634777762581e+00
1.178456311716394422e+00
5.402874723204846852e-01
6.145563093052486270e-01
7.968809008011079609e-01
8.364189630424017086e-01
1.037144874541976680e+00
9.245125499653861212e-01
6.764966212195512307e-01
5.470957021599340830e-01
1.590530791268824684e+00
-1.817442472605518500e+00
-2.190127967336488624e+00
6.344209067386910039e-01
-1.226062093020251709e+00
-2.172237645646545978e+00
1.554103838866928822e+00
1.938055365062192559e+00
2.243625048558614221e+00
5.743730488494502850e-02
8.533534026201102796e-01
1.744835039498311868e+00
3.085984574788120938e-01
4.265578147852440161e-01
-1.041315765845443053e-01
4.898346673551580155e-01
8.595665338553055701e-01
1.189493673845860799e+00
1.195405115400087981e+00
2.903613628717981454e-01
1.426700604093330993e+00
5.678954406531955268e-01
5.387488228674877089e-01
1.222422471392023091e+00
9.020570296530741050e-01
1.640426716061015533e+00
-6.203526561438883480e-01
-1.062633275719959247e+00
-1.130405469976340394e+00
-3.036759621825264599e+00
-2.226543450792713763e+00
-2.581707963956267449e+00
-1.593497019507488233e+00
-5.446833719644166294e-01
-2.283640934828389035e+00
-1.377192365488376868e+00
-5.186125959449494616e-01
8.103939830520534571e-02
-5.793442669399533340e-01
-2.738705391750873464e+00
-1.185260276450188943e+00
6.231319514505110346e-01
9.106577111288278736e-01
2.999036963506945819e-01
1.648974765703511203e+00
1.174818612592677614e+00
-2.592646611410325264e-01
-1.991054262523492824e-01
-1.186705373708516698e+00
-4.480780572601089640e-01
-6.953026555689170163e-01
-2.759288539499087367e-01
-2.647982506388716573e+00
-7.480800580110673614e-01
-2.243446373524253801e+00
-6.779608834903892989e-01
7.920280905370321589e-01
-9.777072504667128072e-01
3.260553972614044227e-01
8.053724095962025986e-01
1.370162231635613681e+00
-6.954560537673082354e-02
-1.158193469578004731e+00
-1.948456772596073527e+00
-2.012483014572711282e-01
-1.072869435546057737e+00
1.666859525554081678e+00
3.653434506774848600e-01
4.951889958523304491e-01
-3.213986687750745030e-01
-1.342000645715095697e-01
1.608560835670816314e+00
1.204107354765369120e+00
2.218417755081086851e-01
-2.282179557304335749e-01
1.127573574157199499e+00
-1.297242936803666424e-01
1.522207180597080267e+00
6.500388543261620411e-01
7.204774298811462696e-01
1.320072369605045370e+00
8.095450893295479400e-01
-1.781895209039910277e+00
-1.214815827670198134e-01
-3.224682029742975686e-01
-1.539183634421898983e+00
-1.652524310761822157e+00
-9.662550535123829443e-01
5.833282266529218330e-01
-2.000625627644899707e-01
-8.022304382006846257e-01
-1.042983178326352123e-01
9.280294662330113020e-02
-7.233547666907795826e-01
3.658238370585205068e-01
-3.832806576241364338e-01
1.983013023934136587e+00
3.211952559054457312e-01
8.440414665020241625e-01
1.096547816480899273e+00
-2.694737471271202445e-02
-1.149263935307035744e+00
-2.365110254539598778e+00
-5.880849727060216692e-01
-2.349897834726786705e+00
-2.980227786659931155e+00
-2.950722232790121691e-01
-6.848626548328228258e-01
-1.273921731187928508e+00
-8.625845228602724291e-02
-6.535114934614579818e-01
1.580114586195080939e+00
2.576579629109936764e+00
-5.177950657486976027e-01
1.794454043571882318e+00
7.953232212973833093e-01
-1.038977122869023662e-01
-2.204244078134943718e-01
-2.036455356878878131e+00
-8.189863699185544466e-01
-6.569813828346946494e-01
-1.544018607592329673e+00
-2.448452160757912388e-01
-1.130092683581711333e+00
-1.331606570455096783e+00
-1.423259130088965430e+00
-1.636168824919908893e+00
-1.850205122921603884e+00
-1.100101102462667457e+00
-2.008302821849248687e+00
-8.448385323400975366e-01
-1.028191459171915456e+00
-8.906000306602860350e-01
-4.591863101034832084e-02
-1.126408726699183571e+00
-9.614471666602067979e-01
1.448015360498999815e-02
9.420909077898165229e-02
3.925246885186761681e-01
1.962123621432991349e+00
1.586860187612267215e+00
1.648654503236084867e+00
2.809044309643268456e+00
1.695933071025020666e+00
4.051829378894149514e-01
1.853667715887192813e+00
6.438700604949744166e-01
1.700825882490124563e+00
1.342943701410574953e-01
5.903918042129996380e-01
8.924912300741794091e-01
-7.802350480323038129e-01
3.032750974564000224e-01
5.534457715930223287e-01
-5.801891176590541210e-01
-2.024156324138661311e+00
1.175712207337100690e+00
1.371427541091573055e+00
-3.188639663542751634e-01
-8.731758657836774518e-02
-2.059345763449980105e-01
2.293740269717570612e+00
2.517057004196444847e+00
2.045927615321836868e+00
1.156134080744167347e+00
2.805228229974221499e-01
-5.599146622979636057e-01
-7.181457753570363867e-01
-2.133264094802429511e+00
-3.045162325177368512e+00
-2.393482006249167071e+00
4.958647920023091515e-01
2.007260321244332513e+00
3.756560748960524609e-01
1.262428489500089679e+00
2.083753995103630352e+00
-2.071301012535547326e+00
-1.376710521330119619e+00
-4.278162032040412344e-01
-8.269703493124440641e-01
-9.602798141255773912e-01
-1.593418036883929467e+00
-6.776276116300897767e-01
-4.390405540708232079e-01
-4.405487851097823482e-01
-5.480367221718231985e-01
-9.322355010550980037e-01
-1.372572898445287404e+00
-2.033599765682389648e+00
-8.394891000044424345e-01
-1.938037374283547720e-01
7.301597118690705823e-01
1.069398758918516767e+00
1.663574594487233105e+00
1.481043263062259419e-01
4.648571681338072858e-01
-8.567722801637236429e-01
1.634546207658464478e+00
1.279692722374951908e+00
1.489550399846913731e+00
-5.227625707293011015e-01
1.070975610392808086e-01
2.127497321502761274e+00
1.005704791638515339e+00
1.102074255597138119e+00
2.634658879860750424e+00
-2.079813404426407608e+00
-1.060629567757605640e+00
-1.014565511201998671e+00
-1.322052640692805925e+00
-1.705252364707335433e+00
-5.136476966379353026e-01
8.407892815718343016e-01
1.786184582565193413e+00
1.503751400356730716e+00
9.806759239407084605e-01
1.515079116625433153e+00
4.475423597568087830e-01
1.661742879952723406e+00
4.770080106907174100e-01
4.517404278021838193e-01
-1.121330266917196283e+00
-8.917586180675419749e-01
-8.948858824958934033e-01
-1.497267442460535669e+00
-1.180742355630106877e+00
3.043191518134100715e+00
1.089799611748381469e+00
2.467583579201460431e+00
5.021937900337793970e-01
8.150931225939431757e-01
-7.531252593010926422e-01
-3.028704832683273729e+00
1.450463265411455538e+00
-1.492412119471851373e+00
-1.605721219643018616e+00
-1.097224811585506998e+00
-3.053125442865894934e-01
-8.785760610665691583e-01
-3.056646228943999954e-01
-1.922946010756173330e+00
-1.769494056597572307e+00
-8.072360768364338357e-01
-8.949679576873809106e-01
-1.153947299669234372e+00
1.002647747328424543e-01
-6.778190816271925101e-01
1.344775754509249799e+00
1.230118880856929442e+00
1.721262617756166069e+00
1.355431538614488396e+00
2.851115338904934404e+00
1.311937728752510468e+00
1.778119844847438458e+00
9.263361741134203964e-01
6.595527954272449866e-01
9.672029933886648889e-01
1.093249226298560473e+00
1.372485481840203914e+00
1.771276598479896158e-01
8.682405017963693572e-01
-6.897289849651373483e-01
-1.635586691207227439e+00
-2.069940859097357588e+00
-2.123225214580536147e+00
-1.483426654041363646e+00
1.268582480461545536e+00
6.343417570784881665e-01
3.190961338730269770e+00
7.945646813640145911e-01
-2.739330574607554691e-01
1.031858771709153189e+00
-1.894464463208584970e-01
1.661579972458568477e+00
-2.055513675780193950e-01
1.115510981864666018e+00
-1.197465755865422476e+00
-4.309245447732713563e-01
-1.769882543817087539e+00
-1.165755662087885058e-01
-2.156106908888204554e-01
1.561442628764814433e+00
5.159404387330850383e-01
9.857383779462633999e-01
7.421091967171382642e-01
1.781127103820973279e+00
2.553859172655840171e-01
6.739822222224401971e-01
2.351698023504842361e+00
6.848870909848904232e-01
-1.041780565669627734e-01
4.612804519759406974e-01
8.506318257547018646e-01
6.410124112093924520e-01
1.030567150140720534e+00
1.178341738361620372e+00
1.444602484014453569e+00
3.992903790194548552e-01
1.197324607356569759e+00
5.594056209119651069e-01
3.473831043406963026e-01
-5.365227135307770734e-01
-3.945733941596740735e-01
-2.234190379980485197e+00
-1.507049119843044682e+00
-5.375324411381483536e-01
-1.351554319351264466e+00
-1.889942699926270286e+00
-7.877431399566393599e-01
-5.182334124700971323e-01
-1.339664017684994768e+00
-9.065107540500798589e-01
-1.391505523246468590e+00
5.708570989172283561e-01
-6.764409006793858925e-02
-1.268055404746354364e+00
2.387936357357408612e-01
-4.151731515563537034e-01
1.271737142112484342e+00
1.140378688351145087e+00
3.094436661249774234e-01
-1.479462519669597631e+00
-7.581337751182239959e-01
-1.846107167919284642e+00
-1.769991473339903143e+00
-1.327911570777715156e+00
-4.967195510079943643e-01
-6.443214780263675223e-01
-1.266833748558283457e+00
-2.315285360093051636e+00
-9.399354961155328425e-01
2.509809983742518291e+00
-6.141060789057797287e-01
1.041090765388730910e+00
7.735506829962504050e-01
3.564035979309618796e-01
-6.773673081410973573e-01
-1.454057875628023577e+00
-6.891990031647805548e-01
-1.088258947552368960e+00
-2.493159250950465200e+00
-9.757669227000037582e-01
-1.124411094239288422e+00
-4.239711887132597834e-01
-4.082092500628652365e-01
-2.352920897574789727e+00
-7.961544192281988508e-01
-2.323377213778999861e-01
-5.800079162409899070e-02
-4.509657257703489908e-01
1.220173185509199065e-02
-1.567562703698854865e+00
-7.410479518619540462e-01
-2.034386935108261518e+00
-2.555239354792878892e+00
-2.161369517629204928e+00
1.543826452256148229e+00
2.262667628818612719e+00
5.797458596184442703e-01
3.847999535476646082e-01
3.321784663105811664e+00
1.013754516802124250e+00
7.992666790835687429e-01
1.414737122145501402e+00
1.500822862694147997e+00
-2.499217434296372442e-01
7.859874144047728217e-01
1.023765086342670383e+00
1.892449610951315808e+00
8.168152537857477080e-01
2.314336378306235176e+00
-1.632775221456461034e+00
-2.339996012858275520e+00
-1.439452968410206424e+00
-3.662388747189485594e-01
1.370407085424163451e-01
1.056845008376374517e+00
1.220590387059222071e+00
8.057502411124827235e-01
3.411495217507451994e-01
2.191328246984584061e-01
2.418736751710899746e+00
4.427923336809325150e-01
1.651443417157382409e+00
6.031293559631791812e-01
4.877275069305291311e-01
-1.306268250676092979e+00
-2.397422328273630221e+00
-1.393279397283626375e+00
-1.007901171063841916e+00
-1.519152901796192445e+00
1.648631779941808428e+00
1.459512206325209283e+00
1.959006678023023085e-02
9.016389932637023374e-01
-3.350985584216488178e-01
1.575767384836606944e+00
3.889670808678874492e-01
1.155899676707509149e+00
4.714782299792509290e-01
4.720304970128541555e-02
1.153520063221783909e+00
1.340454212354755148e+00
1.750805695477681390e+00
1.887765027541467910e+00
2.418175203654369110e-01
1.873823390107306253e+00
1.696656580912639711e+00
9.389957043507015655e-01
-7.646627096364870813e-01
1.454585359131824074e+00
-5.025109603758053378e-01
-1.317857432100550064e+00
2.658089347732175423e-01
-1.491161246418282182e+00
-1.613412721339426259e+00
-1.060720849571926472e+00
-1.899075960137681429e+00
-7.588560095899357094e-01
-1.940984479781709293e+00
-2.089543871802467478e+00
-5.173464785965318224e-01
-7.131345604779337766e-01
-1.314126598846347971e+00
-1.012902499921927824e+00
-7.745909881489856375e-01
1.266526094226334553e+00
1.375956811622471854e+00
1.393875877661086227e+00
8.468251159143986850e-01
1.213270731075092090e+00
-1.623525045542296041e+00
-6.432210253496675190e-01
-2.057247748103011586e-01
-3.391327448053310656e-01
-9.299208717157074755e-01
-9.456949630720834499e-02
-2.958666448842673935e-01
-4.388734856047604715e-01
-2.046715522572761792e+00
-2.610338932938707224e-01
6.076141661017173679e-01
1.282615341149121457e+00
1.778670501530498438e+00
1.217346254804891004e+00
8.634442421261510070e-01
-1.567375787372860874e+00
-8.364176947035094623e-01
-1.325429639351223932e+00
-1.741916501592884803e+00
-1.155013468136850907e+00
-2.245700524237328466e-01
-6.672481596654067371e-01
1.363428229849352746e-01
-1.049727637379213929e+00
-7.556702164907489472e-01
8.111615008964867535e-02
-1.387232081007884421e+00
-5.853294832820140625e-01
-1.460679165748087760e-01
-1.853472210930451336e+00
-3.354511014070066022e+00
-1.948397364067383508e-01
-2.286620336540630127e+00
-1.181860969524167526e+00
-5.894350266260086624e-01
-7.050458445475940028e-01
6.575033510093064582e-02
1.751163828492817487e+00
-1.922940839005204960e-01
4.341392204064981053e-01
1.193179334416774484e+00
1.123777837133319579e+00
3.790117114859603564e-01
3.287732855045395475e-01
4.115232975893725609e-01
8.702432024287432011e-01
1.190197294177022691e+00
1.545844865850783290e+00
1.371465406799505571e+00
7.445866799860527685e-01
2.079379903301639132e-01
-8.835657889780367258e-01
-1.182539246697121627e+00
7.814252622880701882e-01
-1.353107082301650443e+00
5.471965637145481676e-02
8.595963270727466909e-01
7.612201726003509084e-02
1.164643727136327689e+00
1.038542380937139464e+00
9.869817440480246340e-01
1.864457355446343723e+00
2.045567990733573538e+00
2.360796563183170882e+00
2.606137144897151536e+00
-2.104078321603017887e-01
-1.982907397738945310e+00
-8.552084715499612688e-01
9.354196008922222028e-02
1.095748993377889668e-01
3.969079148972248783e-01
4.319258742507513515e-01
1.818152591548426233e+00
7.297340233978975022e-01
-1.083884615119898864e-01
-1.361534514924014116e+00
-2.178599293144292126e+00
-1.907263602155063964e+00
-1.766629832294395408e+00
1.761800244732635523e+00
-7.913979025495421205e-01
-2.334456813925209318e+00
-3.427544009290320659e+00
-1.255042845360030190e+00
-3.072525333938826986e-01
-2.198554740949971276e+00
-1.890604625403382144e+00
-7.106905520154167544e-01
-1.069268681767018503e+00
-1.362421729929198522e-01
1.375225616278820784e+00
9.001810435137538313e-01
1.105720087188650114e+00
1.307701195543550243e+00
8.061339215197809160e-01
8.095325431873956479e-01
2.872639878457933227e-01
2.106263462240582918e-01
2.238483808463638702e+00
-8.317776480864293998e-01
1.264866025452786591e+00
2.229694450964345265e+00
1.800541501891979035e+00
4.303749953093871650e-02
1.188755706304170934e-01
-3.260484690495690785e-01
-7.733052384881264896e-01
-1.983423691915012999e+00
-1.293599530535540332e+00
-8.917599413352447213e-01
1.570879496592161306e+00
1.482664769660772874e+00
1.473832075843967138e-01
2.823496616546844473e-01
1.375399791354280810e+00
6.202620454123859428e-01
2.304935865441495313e+00
1.282856569170892191e+00
7.919789691785563690e-01
2.182458434068252906e+00
-1.583349887338291406e+00
-1.600577205110507162e+00
-1.100286848685445573e+00
-6.532734054556537107e-01
1.152086259111830824e-01
3.980794981740203298e-01
2.864511800530842311e-01
1.253359531732088472e+00
7.082375220925165582e-01
9.932096136251467033e-01
8.490860563794420113e-01
5.985279059486547926e-01
5.900569954921568439e-01
1.518311890230451766e+00
8.422214162603924859e-01
2.377742066227356510e+00
2.443228599482056396e+00
6.550629508066885265e-02
8.751909354958637977e-01
6.077051482465746224e-01
3.069694190769443054e-01
1.678416999109877406e+00
-7.986282011715761797e-01
2.342131533595961379e-01
7.995242061947255285e-01
-8.914120270344727537e-01
7.714643395974207785e-02
-2.184445246318519551e+00
-2.475121576968123405e-01
-1.539708255085680655e+00
-2.940968017447174621e+00
-7.679196278710556101e-01
-5.236508129122166011e-01
-4.406866738757405644e-01
-9.249874979174734779e-01
-1.614042065296095174e+00
-1.746578462287026401e+00
-1.682914313035135168e+00
-3.748690987492214521e+00
-4.240651406884999863e-01
8.750082552164192284e-01
2.418323031047930893e+00
1.170677112465498881e+00
6.256695718965933350e-01
-6.543898718112683976e-01
-1.282568644465018615e-01
-1.679486725731325514e+00
-1.465783096135468755e+00
-7.735519984371566071e-01
-6.396323682182269987e-01
-7.573181903144265981e-01
-9.235998448893696366e-01
-1.428201803163424488e+00
-7.070462120172067433e-01
-8.396511368359927951e-01
7.389962725601928462e-01
1.563342277084711185e+00
1.016473748996166826e+00
6.987354151454798767e-01
6.339799436723034809e-01
-1.564664986137452862e-01
-5.879483219023602381e-01
-1.966462693636568115e+00
-5.387233855640589653e-01
-1.451628606319940396e+00
1.258234592423041809e+00
6.530173026008792014e-01
1.959105732267060418e+00
1.185722065811159798e+00
5.963778168409599179e-01
8.797013830816988733e-01
1.616532920021922060e+00
9.783930213453450042e-01
1.079280940580432890e+00
1.097603545109547829e-01
1.140632423314039467e+00
5.565891946591721151e-01
5.030017474516340625e-01
7.521044441524037394e-01
-7.047883136749755195e-02
-3.404967542743327913e-01
-8.166539660156241220e-01
-2.163267562106295117e+00
-3.185004335020238386e-01
-2.358591156079651086e+00
-8.452691338359288320e-01
-2.840209548235561599e-01
-7.466736632838699705e-01
-1.509801445483909266e+00
-7.429890685948845608e-01
-6.892767160249506642e-01
-4.215138193639090813e-01
3.924529863896097925e-01
-6.384282678086014018e-01
-5.060221930173729454e-01
-6.804224253587687343e-02
1.347731060855603014e+00
1.200197550934394730e+00
1.323604189135863640e+00
5.832997107322590580e-01
-1.815910176354847083e+00
-1.009717828890698499e+00
-1.139132924578702744e+00
-1.048913550238230075e+00
-2.202837180954543506e+00
-9.890816180649256717e-01
-2.269379960737133217e+00
-5.321930191696009338e-01
-2.962773849577702734e+00
6.295772911116448434e-02
1.285512550024747069e+00
7.752170559807647354e-01
1.248166589143132166e+00
1.735302496825169349e+00
-4.335463795236320639e-01
-6.856893376405095442e-01
-8.522063143685105757e-01
-2.077416795274777961e-02
-2.484754494421840043e+00
-1.942394431090523454e+00
-2.079833858516126899e+00
-2.080109129952461000e+00
-2.633093553123182495e-01
-1.807881249504667887e+00
-1.272080081538606411e+00
-1.364866381115504179e+00
-1.633974974268225466e+00
-1.727964270460256024e-01
-1.606608653881534732e+00
-6.640496003333677955e-01
-5.477469884219536844e-01
-8.565363000536444504e-01
3.342418663885111663e-01
-6.807198031272978511e-01
-8.600591988832885226e-01
1.248798024804690598e+00
9.276661576756013439e-01
1.645563850941683004e+00
-8.278765153678535604e-01
4.166784209762269819e-01
-4.011177039265856337e-02
8.899203071476520233e-01
7.245190780187440449e-01
1.023577437517313005e+00
1.676837914463459089e+00
2.323888715433393592e+00
1.622541957853425920e+00
1.245327240725254025e+00
8.508725840341798685e-01
1.595412658680397833e+00
-9.061944117112508135e-01
-2.217642288716577426e+00
-1.871352988762430059e+00
-1.825194120184306934e+00
1.484666687543501062e-02
1.554672174315273603e+00
2.181426704912801107e-01
1.764682373175878283e+00
7.049248255623905557e-01
1.324913827342392159e+00
8.231739720964531548e-01
1.964458599314788501e+00
1.833150059380834529e+00
1.349896359566114867e+00
1.775198676437751200e+00
-5.722674738046200638e-01
-1.654924152707195173e+00
-2.698126587944537746e+00
-3.864115734928117440e-01
-7.497611176117420229e-01
6.943551206342168935e-02
1.855190586367904793e+00
-8.403094707284974874e-02
1.546445212439638617e+00
1.444512865058637852e+00
8.485398531489338758e-01
1.306325506707151085e+00
4.329428810912465675e-01
-4.071386205230438371e-01
1.090201884645409347e+00
1.129376715044852153e+00
1.361991914677387783e+00
8.959404809745354914e-01
5.012877491385898665e-01
1.382546671263982230e+00
1.885607712001536207e+00
2.508817702924300619e+00
-6.007213270698508190e-02
1.905042964310569076e+00
1.996012976004583273e+00
-1.692822899756615262e+00
-1.743723580976834775e-01
-1.344265296417029187e+00
-2.365025003923460822e+00
-1.827903829657815393e+00
-1.837664629966871299e+00
-1.180256319224153971e+00
-7.204271177351979638e-01
-1.527684977178826564e+00
-1.730010432065157921e+00
-1.273075427756380718e+00
1.253213731096254335e-01
-9.991048490201168697e-01
-1.004584374951775105e+00
-2.016714869848836411e+00
3.608388738922813088e-01
1.338355524851755129e+00
1.019041566267036680e+00
-2.904245977316377569e-02
1.188877421413987667e+00
-1.518397099645854009e+00
-1.182718849585269405e+00
-1.549135500314974934e+00
-9.269486781792803942e-01
-2.336210489457299921e+00
-1.071605439648298574e+00
-1.023031304222536741e+00
-1.814976746429377563e+00
-1.986081765673215482e+00
-2.333241750080504495e+00
1.551708620598017063e+00
3.739909916047090555e-01
-3.247464932344845678e-03
-5.900773177645564083e-01
1.852627955159003914e+00
-1.962649232143297784e+00
-1.184643746431172762e+00
-1.995281859925997825e+00
2.291628493440975856e-01
6.317960321935944812e-02
6.893066081274428214e-01
1.053691564885255172e+00
4.789786727583258408e-01
7.443492729404530550e-01
2.801137209581572307e-02
1.684009973538369120e+00
1.934874032410834888e-01
1.173821131507609694e+00
2.544763580844113804e-01
1.512131267982973482e+00
1.376023852437845640e+00
1.677091859941965968e+00
2.105312235742542004e+00
2.702890470914733889e-01
1.462915854239043023e+00
-2.547498584151532963e-01
3.707311528403423040e-02
-1.217874659390958403e+00
-1.336528637276853893e+00
-5.565559416683661942e-01
-1.498171555422909140e+00
2.862713348043808281e-01
-1.746148579245672572e+00
-3.876828437676624883e-01
-1.596932484994819212e+00
5.874525993322965434e-02
-5.765678207935032162e-01
-1.291038874535687109e+00
-5.231626798768962416e-01
-1.487125277410926483e+00
1.084326939226742947e-02
1.733423034680323216e+00
3.215222275883845571e-01
7.262384622445156035e-01
5.658975480844472550e-01
-9.836335870693577732e-01
9.877541609337514572e-02
1.276255945684023896e+00
-2.095442307945269533e+00
-2.253745960167345075e+00
-1.057714155857508498e+00
-4.859127266236478171e-01
-4.896457606236408466e-01
-1.206008677084188463e+00
-1.661751749337592399e+00
9.652206481354596024e-01
1.287378753919828478e+00
8.460766184917921651e-01
7.843701593777522296e-01
-1.529654590806550640e-01
-1.056182056287789717e+00
-2.423152511060091996e+00
-1.253725343777296608e+00
-2.967992483993087127e+00
-7.256254743501791005e-01
-1.588943080167181998e+00
-6.241691016557481264e-01
-1.439590279706532083e+00
-9.346583919253131922e-01
-2.512289843421748436e+00
-2.007484994436091519e+00
-1.103780899116963532e+00
-2.793079249562386401e+00
-2.930164048774308583e-02
-4.232299403504248270e-01
1.268100005151269194e-01
-1.737656293989329193e-01
-2.205731836480024910e+00
4.432277310103298618e-01
-1.526603626154475091e+00
1.633066639861843861e+00
2.470954337365617093e+00
1.550412458792099546e+00
2.108909942397568571e+00
4.164528007913425034e-01
8.178992330577348202e-01
-4.999784170334899969e-01
1.520892005987631634e+00
-3.178379633959289574e-01
1.850585639042839237e+00
-2.410673858258083335e-02
6.947253355217518633e-01
5.008342267668326464e-01
1.165310474836867671e+00
5.903761186009641726e-01
-7.640031817002620462e-01
-8.338725440465339922e-01
-1.313416120787040731e+00
-6.355372515503389108e-01
-1.482455884683995917e+00
1.415401592405328257e+00
5.270155196433778944e-01
2.577629466491564436e+00
1.128166288796261796e-02
4.516513235450723140e-01
1.272566635335805607e+00
8.715806613474593734e-01
4.539680355810667978e-01
3.570238625642798702e+00
3.669363214857562783e-01
-3.708868695356615230e-02
-5.303488565116214470e-01
-2.661280872013010779e+00
8.914393945228640259e-01
-2.173870243424613768e+00
1.561403017848315145e-01
5.230852194382404896e-01
4.251882810930635026e-01
9.669855962397190252e-01
7.321782198805513175e-01
1.654590374846464318e+00
1.201096370123532653e+00
1.097037528312815757e+00
1.318245149131325400e+00
8.470674278682754910e-03
7.907712935907493801e-01
2.895144801048248340e-01
1.637253138696558530e+00
-2.103273383552712872e-01
1.115640168637351826e+00
1.383355003230952063e+00
1.061358091884834209e-02
2.100830456766047405e+00
1.963009905326443150e+00
-3.160092840504187262e-01
-1.392309159382671968e+00
-1.988504487724719327e-01
-1.497797108776456776e+00
-1.359227802479707536e+00
-1.053750435174235944e+00
-1.873195078253457435e+00
-7.269666717061515904e-01
-2.946852809238668103e-01
-4.122994354224347457e-01
-2.200272891296028988e-01
-3.493237774285019359e+00
-9.048543963083975905e-01
-1.272726534171395807e+00
1.570225021023696765e-01
4.429381947750026249e-01
1.443146944000983423e+00
1.781604141379873552e+00
1.370477443306125531e+00
1.206234490509974666e+00
-4.262355436336400238e-01
-1.181130498818979913e+00
-1.253873515949378792e+00
-1.991470067808118749e+00
-1.884983823637424560e+00
-8.032432961491351442e-01
-1.331440831151088133e+00
-8.389578546249570890e-01
-8.047714747703904603e-01
-8.707956887256802503e-01
-1.387587409452971654e+00
1.615104103552720272e+00
9.651782981280734308e-01
9.541104695256856782e-01
3.575383094615591784e-01
-2.608488285734960055e-01
-2.375748007341805579e+00
6.547475490584964142e-02
-8.465197361129579434e-01
-1.471097060856160432e+00
-2.218779672389068480e+00
8.206529887747637808e-01
-3.321138149143791907e-01
1.156096174303149704e+00
5.619827929739844574e-01
3.464762601794673103e-01
5.496640363750876501e-01
2.246041012893224220e+00
2.755808084363053911e-02
1.200234450752551751e+00
1.260456137461347659e+00
1.721980174479733172e+00
1.142538359555371530e+00
9.624523346031116366e-01
2.149684051564850762e-01
1.449463619560509509e+00
-8.520923128095745369e-01
-4.599008108834794495e-01
3.769805795349157052e-02
-7.365080657338620718e-01
-1.080928999331781437e+00
-2.900482871727021461e-01
-1.787524182002470541e+00
-1.004295622508135644e+00
-1.469518090105244923e+00
-1.208548238593369017e+00
-1.370133721929199133e+00
-2.052617774533261219e+00
-1.605847494754415017e+00
-1.837440190411585350e+00
-1.773217686813092442e+00
1.056183318415145678e+00
1.549371987004870999e+00
1.479595169263311805e+00
1.403202873991270971e+00
5.554407966753820425e-01
-5.613181289494462156e-01
-2.229700788638294684e-01
-1.063740885030942662e+00
-2.402320342925893470e+00
9.189633786391904202e-02
-6.710555435010241432e-01
-8.814258102825389685e-01
-1.431341641067085391e+00
-1.106338601100331998e+00
-1.141405136524352493e+00
1.359332214751687529e+00
7.010002755832558385e-01
6.953450112975798625e-01
-2.429357157025635594e-02
7.078804293702829487e-01
7.074798140792617485e-01
-1.510425143549150473e+00
-1.666691489517218017e-01
-2.932711991867442691e-01
2.782957286720670886e-01
1.708772632852154416e+00
1.748132550451735767e+00
1.562937143660374506e+00
7.258573681965936331e-01
7.865666751974109694e-01
1.518589520026839779e+00
1.264460330532459320e+00
5.012194067122790475e-01
2.044278937703601251e+00
8.076188532470496284e-03
2.442755816046855877e+00
9.999550734456374990e-01
-2.462735152479749168e-01
7.581690811739536517e-01
2.687513047879241057e+00
-1.163739598618408255e+00
-1.671364980531974798e+00
-9.044822739606860340e-01
-1.084940122707417798e+00
-4.931798978025374591e-01
-2.713933368017443781e-01
-9.801138178563651993e-01
-5.864851371616972564e-01
-9.789166373999870219e-01
-8.012780321077477286e-01
7.748552737558644932e-01
-1.254871200191860492e+00
-4.391591649682313747e-01
-6.749163726564589849e-01
-1.241308808764477911e+00
1.238725122824293035e+00
-5.029668326280181123e-01
8.192969382016963564e-01
1.869580348923076674e+00
-2.410323338444726460e-01
-9.416750210338138416e-01
1.194460278081359128e+00
-2.907673754721136206e-01
-2.364439707154476711e+00
-4.524721063422512124e-01
-1.512236180911052053e+00
-8.929741698274682449e-01
-7.786980156891036842e-01
-2.779022058460446365e-01
-1.123812595426882943e-01
9.815353683127980844e-02
1.758159655788918307e+00
-2.285830881390737979e-02
1.177662193003627511e+00
2.068732186507075799e+00
-1.970744219889596138e+00
-1.163668639247100511e+00
-2.113473324278375642e+00
-7.296357693546975387e-01
-1.196866280109301517e+00
-1.110342689309810060e+00
-2.993291984954860041e-01
-1.140579082548708989e+00
-1.420489234423616853e+00
1.527325996534918406e-01
-2.154904949366096112e+00
-7.899960504104097669e-01
-2.640713377284777508e+00
-3.410187589146800313e-01
-1.186906516935380296e+00
-5.619256418004953124e-01
-1.618523884285136383e+00
-3.150349204087004917e+00
-1.455416047965800708e+00
-1.334217121608071155e-01
1.261086026941200089e+00
1.086618905405265512e+00
7.521720622920048394e-01
2.596387225862975434e+00
1.668446426935324300e+00
2.037869713694295815e-01
1.748834890779507045e+00
-8.774447059679832961e-01
8.317855700456534551e-01
2.357854280021777882e+00
1.413004913850528288e+00
1.829032548538159775e-01
1.298464746275925119e+00
5.856436250791361431e-01
1.612806123023934335e+00
-1.541134423849175983e+00
-6.414010321461989239e-01
-7.573834623587052395e-01
-1.940241440640755766e+00
-1.798075712879988464e-01
-6.253632441467857905e-01
1.501126250717886190e+00
1.296014691248041917e+00
1.819286561271655778e+00
1.300494989388350842e+00
1.372156610675662858e+00
1.226468131753392532e+00
1.570625715872826067e+00
8.216442922711999497e-01
1.719099944783406553e-01
-5.395340735184016578e-01
1.584996413569332852e-01
9.605435297477260548e-01
-5.877798720509579411e-01
-1.325984604681153201e+00
8.060297318580960102e-01
2.407625768943278288e+00
1.295575590240242825e+00
1.222803505051762274e+00
2.207825128965747119e+00
-9.579125339816696449e-01
-1.236811566451100131e+00
-6.123981840200769522e-01
-1.228045767472124350e+00
-2.689514157828873930e-01
-7.159103152670464043e-01
-1.337986755177043241e+00
-1.469871565394932356e+00
-1.256073870412741211e+00
-1.738564417950007490e+00
-1.826818461984942354e+00
-1.021835518763059447e+00
-3.009059267757614453e+00
-1.183302819779877391e+00
-1.306062558988782873e+00
1.021824321960825843e+00
8.634816965463947280e-01
2.491853022165981812e-01
3.554259490934802423e-01
7.067669674745244990e-01
7.943960521551882703e-01
1.577943580163803539e+00
1.623874982903009023e+00
2.270083522800410591e+00
1.147830104423419595e-01
1.468969950989893913e+00
-8.489310911046588082e-02
2.134500339550630343e+00
1.795953455973712476e+00
3.681559537431615681e-01
-1.161209785381770443e+00
-2.290730104821203650e+00
-1.445655299097662772e+00
-2.447386225444298624e+00
-4.701149604216753319e-01
3.480422576522327338e-01
7.546022189844003858e-01
1.110552582161103530e+00
9.956991810676604215e-01
1.387169278617319090e+00
1.019906602227164338e+00
2.410103930845781228e+00
1.169258556004330707e+00
4.247366508786548644e-01
8.256428271631589544e-01
-8.516553363133587684e-01
-1.342754863540469579e+00
-1.688680289003461787e+00
3.448699188480075506e-02
-7.130447730842215392e-01
1.087243970258111592e+00
2.896308722977974703e+00
2.307825482612935630e+00
1.201140579818398724e+00
1.418901917350370967e+00
1.896493711747445632e+00
6.359045738972484152e-01
7.323449020395191855e-01
1.551124297498641891e+00
-2.033048165651314410e-01
6.280220942400271955e-01
1.235570966451306374e+00
4.870710917645020288e-01
-8.784238428367774354e-02
1.059730477666348092e+00
3.139682917211226165e+00
-1.500786918294021444e-01
1.510921940179466016e-01
2.044919845817837256e+00
1.864248028126319845e+00
6.541857904734926787e-01
-1.325053309734668616e+00
3.255971989842108005e-01
-1.054383229566708158e+00
-1.715080567720835614e+00
-8.530714670869159466e-01
-2.071792613077630740e+00
-5.194784069617961464e-01
-1.044109418612781504e+00
-6.095825140578885470e-01
-3.230963847772251318e-01
-1.656348115133544407e+00
-1.618133270939336565e+00
-7.001459263004521372e-01
2.622813522508533612e-01
8.357042653676631794e-01
1.984410381379417387e+00
1.884484661115016113e+00
1.059391169285914369e+00
9.715108493572220949e-01
-1.959271704102071299e+00
2.721134377841889496e-01
-2.033050548251076783e+00
-1.645510778381057637e+00
3.520825416341437641e-01
-9.362470444722871266e-01
-1.499677341735903946e+00
-8.366108700420216149e-01
-2.103011055685635178e+00
-1.567165288989015526e+00
4.274357596336680887e-01
7.050152603694963549e-01
-4.787568625421787516e-01
1.537510494923125526e-01
1.947105258839660458e+00
-5.612279624630394093e-01
3.984279922854898626e-01
8.987832444172736412e-01
-1.081520618688693425e+00
-8.973501561549509509e-01
7.252011579318891066e-01
1.779165999653871122e+00
3.660582187999961157e-01
1.498146357041778343e+00
8.059969820102808047e-01
1.720412516067108655e+00
1.447155829636329383e+00
1.767298599119852209e+00
1.030368615828789913e+00
1.115082076944850620e+00
1.190677547505334388e+00
8.250798897533128118e-01
2.350394536660936895e-01
-2.158720577656012551e-01
1.106041884652696483e+00
-1.076459804891426231e+00
-8.258684379795772079e-01
-1.520690151743966601e+00
-1.218016710738800690e+00
-1.422824261392568346e+00
-1.290534577037723896e+00
-1.468752268159252194e+00
-9.016458974047747432e-01
3.527389474536597458e-01
-9.659991329720392095e-01
-1.436850367922074323e+00
-2.362011239420716002e+00
-1.101387964220273741e+00
-9.276648384985586304e-02
3.147154544254373576e-01
5.011012497517224329e-01
1.191075622161767544e+00
2.972551646001311276e+00
6.456805490082899723e-01
4.339850452371286638e-01
-5.444848138942561810e-01
-6.627762304877168331e-01
-1.814726443898465824e+00
-8.620860100283066485e-01
-1.604989812795696080e+00
-5.721448971900950919e-01
-8.707866771921031201e-01
-1.216535011367827712e+00
-4.318818173792333681e-01
-9.139649969101465432e-01
-1.652465568040906163e-01
8.667509029988096358e-02
6.448694966905232917e-01
1.743152096996277489e+00
9.056136622307691120e-01
6.337829765160993833e-01
-1.229076043724178779e+00
-1.614287673657252897e+00
6.611197180452272892e-01
-1.061089171649683527e+00
-2.251942705773244402e-01
-4.595510864476760604e-01
-1.906190804002675154e+00
-1.046315657213021000e+00
-1.317183961311992668e+00
-1.126398216100484406e+00
-1.777467726743970466e+00
-1.866685376505093696e+00
-1.873916597269034812e+00
-2.231759199838783125e-01
-2.382107221474515146e+00
-4.142393575473867218e-01
-1.152389222765340282e+00
-9.557301173825282214e-01
-2.381747571238239214e+00
5.894989086211197549e-01
-6.075790137334524665e-02
1.179357254311227399e-01
1.576352977086245888e+00
1.556845402848558990e+00
1.251322656505465147e+00
2.473707811970845771e+00
-8.119050517982429049e-02
1.099010529784559820e+00
1.637090079930995978e+00
3.177631208144974018e+00
9.789886918455277254e-01
1.689366036118778780e+00
2.209059956755798915e+00
1.697628360668229863e+00
-6.577470483259144629e-01
-1.103137589901055593e+00
-2.723852593988180359e+00
-9.677533967802443016e-01
-9.756380006529095095e-01
-1.221132959176496335e-02
1.962561474440162046e+00
2.205453944116560372e+00
9.877580547090709651e-01
4.442418529562754959e-01
5.354948589094847833e-01
1.661815307218332816e-01
5.354987213367161658e-01
1.510417344578263155e-02
1.798875645452177263e+00
-1.054253664536317192e+00
-1.101008535391444498e+00
-5.606466933423495114e-01
-1.385378778581304093e+00
2.941763195059723390e-01
1.253498359524580330e+00
-4.397769633856460914e-01
6.339067316116631101e-02
1.954583717983095825e+00
2.258376334084036152e+00
2.085719429486194265e+00
8.595488610484340875e-01
5.584157892391492517e-01
1.552354543166136747e+00
1.122008943486408672e+00
4.019266080120963425e-01
-1.838012145283831611e-01
2.397607306558126261e+00
1.412768484464480556e-01
1.524486795156052121e+00
2.111253422178180905e+00
2.552837218582745260e-01
6.405264538557255971e-01
1.520771763599382709e+00
1.901883022632471665e+00
-3.861133076221447080e+00
-5.997138123882992389e-01
-7.212236674619585397e-01
-2.025783647417289224e+00
-2.745242551409921905e+00
-1.491954718029810056e+00
-5.650948471945571594e-01
-1.339253767975388199e+00
-6.287587184270688745e-01
-8.460820619752342786e-01
5.420547681036327337e-01
1.036270851312917518e+00
-1.540455912242382652e+00
-2.414847600570975139e-01
-1.817520891561131169e+00
1.656716889182413333e+00
1.299094272165118635e+00
2.601060903715342043e-01
1.292794763538397396e+00
7.717133843223858980e-01
-1.245030093986494890e+00
-1.035677021588073066e+00
-7.974304782022442195e-01
3.689987146050013322e-01
6.751603545523712224e-01
-1.995664849184674683e+00
-1.799725401022844062e+00
-3.317550089685784576e-01
-1.607216132850386447e+00
-9.892142158173605759e-01
1.411800701104015676e+00
6.637425951471953578e-01
1.119242648052639844e+00
1.647490413700964051e+00
2.681396391689257364e+00
-6.457496580837944755e-01
-9.441258319664890264e-01
-1.173364248941496379e+00
-1.030165077205314583e+00
5.979203543220545924e-02
-8.959220442427233699e-01
-1.555555549858146813e+00
-1.496143112940470976e+00
-1.846002268592501494e+00
-8.498557501844803408e-01
-1.389910786335990744e+00
-5.090650989091738410e-01
-3.270804556377646666e-01
-2.232527913936953379e+00
-2.562144453722170478e-01
-1.064211230955086407e+00
1.158991794856500945e-02
-1.312489578773467391e+00
-4.658677807332357590e-01
-2.275193554782246608e+00
-3.879642344866209847e-01
1.531814541879593428e+00
1.245425076309164325e+00
2.476091288055856765e+00
1.868598933760374337e+00
3.725417144024342209e-01
6.980201069115299362e-01
1.395171790534184941e+00
1.519464656233066258e+00
2.332064412685403099e+00
1.846724896483931122e-02
1.490871313389050989e+00
1.665311430884701682e+00
2.939566213523850946e-01
8.783223759301053146e-01
-7.043829186205186055e-01
-1.174089148434492191e+00
-4.324011839260371026e-01
-8.092784724566653987e-01
5.511727227497456028e-01
-6.431980258098688452e-01
2.399597175542024230e-01
1.067593399604801263e+00
1.774723993879147477e+00
-1.458701062886123001e-01
8.801125290120211941e-01
6.039784755933250704e-01
1.046461063497131638e+00
9.589973406916523224e-01
5.207610459741045528e-01
-8.281460769581615589e-01
-6.910216999931731996e-01
-7.242180432644318433e-02
-6.417468741447047709e-01
-4.945585744772718062e-01
2.213038965929627899e+00
1.695110669829744454e+00
1.567884943195358760e+00
6.579011119449607037e-01
1.618607377215396603e+00
-1.670044034939798916e+00
-6.925626534880178209e-01
1.063314758762501366e-01
-2.370556094976339345e-01
-6.994489828396470710e-01
-1.487202763982066855e+00
-8.674637106870259906e-01
-9.449893440123172672e-01
-3.641690723408724795e-01
-2.872138291454877645e+00
-2.819337528029995710e+00
-1.438688310624422595e+00
-1.162162188066728552e+00
-7.540013688591209462e-01
9.125501170880618851e-01
1.129599570232688421e+00
7.408913420399105831e-01
1.580721626647425104e+00
1.207139923366808532e+00
5.017159463040909984e-02
1.232511190954590496e-01
1.581836299108859700e+00
5.723500291947760665e-01
1.960605660524569416e+00
1.956692047314068095e+00
1.173648308588383316e+00
-2.803790481420949110e-01
7.517353738913626904e-01
2.454712735420957470e-01
1.181108431558380634e+00
1.187283912854766310e+00
-1.046424613499246092e+00
1.146237956910796107e-01
-1.657070719898618094e+00
-1.158111044169685355e+00
1.563863157576027563e+00
1.532852564458386135e+00
-1.878374984817992033e-01
1.690585050122877409e+00
2.818565700273390817e+00
1.019692447039847405e+00
1.745428698479205121e+00
-6.740152873773834763e-01
1.631721376692814252e+00
1.652989900529718614e+00
-1.007049221446215670e-01
-1.487249429854042182e+00
-3.546371822171565658e-01
-9.057103768656493692e-01
-5.399931800172507179e-01
8.314965416345712068e-01
2.167370087496051312e+00
1.196920467075647920e+00
7.117518697194940014e-01
9.350680069209219569e-01
7.423295700605507808e-01
1.060746343472175335e+00
7.776484130936155426e-01
1.553106971487554500e+00
1.459599233417030462e-02
4.419550150577342684e-01
8.189964972898103879e-01
1.200112115891294629e+00
1.492596775071651116e+00
-4.138602701799110051e-02
1.685513828717545959e+00
6.528450155768206198e-01
1.673539970939115440e+00
-1.532273836725785987e-01
1.374143731265126345e+00
-1.938890211160925858e+00
-4.741543095617931636e-01
7.394296135696687422e-02
7.068236537704217781e-01
2.358767691642065234e-01
-1.783553734074339037e+00
-1.148135578850998373e-01
-6.821173678639306237e-01
-1.455938260103376569e-01
-2.935760497287512871e-01
-3.144106593950414252e-01
-2.828185057513374900e-01
-8.864682146036980681e-01
-6.959434769422775391e-01
-1.571007512460341093e+00
-1.664814333688311443e-01
6.537420395582695942e-01
7.332321884432642101e-01
2.456247648636532555e-01
1.631930123822510126e+00
-1.626083693617332848e+00
-1.518593380672018878e+00
-2.423317427686741077e+00
-1.591577568872516446e+00
-1.887977303440506960e+00
-9.434067127791521123e-01
-9.117302706051406691e-01
-4.294341043190690321e-01
1.312673945973534817e-01
-5.195851274452247814e-01
2.893987233011714455e-01
-1.562559694345677208e+00
2.384689258467080464e+00
3.073078468691625265e+00
7.651491990862852033e-01
-1.717447341406761918e+00
-1.351173562061362299e+00
-7.738787764290447901e-01
-7.373306287263251546e-01
-5.404254614710646276e-01
-1.943147510304557679e+00
-5.126597958518883669e-01
-9.383541328012237059e-01
5.036823602031963443e-01
-9.472759552325553667e-01
-9.338165386505737908e-01
-7.818921163030119192e-01
1.196393074937611711e-01
-1.391560147039787365e+00
-2.235236646256275606e-01
-1.974616700799847635e+00
-1.131571028872677687e-01
-5.296908993292570589e-01
-2.158960489334379673e+00
-2.637901579493149296e-01
1.412894526082829838e+00
1.348642285988958855e+00
2.013560366764322040e+00
1.732263040854026048e+00
1.872952408676674452e+00
1.556034738437938936e+00
3.168056098218618999e-01
1.724272369222747070e+00
1.172374333317733885e+00
1.729122968717041964e+00
2.430617104781212845e+00
-1.378008759609243850e-01
-1.254546920590124959e+00
-1.108318153746942425e+00
1.872880930445160796e+00
-1.428402932780530987e+00
-2.778588657295688158e+00
-6.245236917194010307e-01
-4.362197141943513490e-01
-1.453508802162683855e+00
2.338338763795778874e+00
1.073584497550379657e+00
1.566801324680832774e+00
2.422656965782487015e-01
6.387301381154320001e-01
-1.192978007395012252e+00
5.872595307025368916e-01
7.453220779218816539e-01
1.066223298253651253e+00
6.262391342911841630e-01
-4.578388860180110376e-01
-8.955637000454169661e-01
-1.294643096470490473e+00
-1.742754077004482482e-01
-2.012525369456566793e+00
3.428212078006720454e-01
2.440721728907812249e+00
5.856585741469586548e-01
1.447583900745328389e+00
1.850574913102960295e-01
5.865708767807044088e-01
1.358598255678688416e+00
5.716883615800950613e-01
2.224466036211317110e+00
2.092311054268194859e+00
6.986465310262931494e-01
1.663818754493367358e+00
2.012539868817636801e+00
2.600601231001731684e+00
1.440901731967036969e+00
6.875809022009957694e-01
-4.722492202781505277e-01
-5.033478151986225946e-01
-2.508227585472113663e-01
2.414686712764239296e+00
-3.558856505811471838e-01
-4.784553553016435146e-01
-1.708913348931412335e-01
-2.457230383704824828e-01
-1.213322471412197734e+00
-5.110220313807529724e-01
-1.322525945755339549e-01
-1.019629182201403195e+00
-1.261437517525346497e+00
-2.440663739535740007e+00
-2.169549788476339280e+00
-2.016724462091683989e+00
-4.071028827238706294e-01
-1.729059024192453498e+00
-5.729081783889165003e-01
1.965145395570964126e+00
2.026306232258068718e+00
9.892281915233416267e-01
8.677778824847062200e-01
1.780642869310480769e+00
-1.410642189443791494e+00
-8.905042401303951971e-01
-1.000538524260196072e+00
-8.354812175595056623e-01
-1.164295801223769855e+00
-7.311741220370615579e-01
-1.301759698231744533e+00
-9.394679453966507943e-01
-4.935829889841600870e-01
-5.708897980350566836e-01
1.179779632851373439e+00
1.206628712790935865e+00
2.833425293834326286e+00
1.355298057289338276e+00
1.362781676090530247e+00
3.556898966613637469e-01
-1.916100438708807197e+00
-1.438927030310380495e+00
-1.137803655357144894e+00
2.548902047759273870e-01
2.747565416148103346e-01
1.194755100622620914e+00
6.626174491480045781e-01
1.149665442383673630e+00
1.714823690508988641e-01
5.909304910129113964e-01
2.527277093816752807e+00
1.441953198875845388e+00
1.235967293519582011e-01
9.655081349184012618e-01
9.391933141648234340e-02
1.118936124098758533e+00
1.034839012033840877e+00
1.752223127751643128e+00
6.555151398702148136e-01
-1.879357707985274573e+00
-1.348078995846336170e+00
-4.422460426526099164e-01
-1.248067624321560043e+00
-1.302841225796405045e+00
-7.953879315106445747e-01
-4.079510963782674304e-01
-5.028572395136825524e-01
5.412973241471190633e-01
-2.898145660366603593e+00
1.328881373003465427e-01
5.135050351644099287e-02
-7.726199691349029397e-01
-1.264064611585193676e+00
-2.349249140230091015e+00
1.250670843840486990e+00
1.546675650733464469e+00
4.674021984211492731e-01
-1.093692026277368168e+00
-1.930645549016377416e+00
4.482817599747623838e-02
-1.698185740162532653e+00
-4.743956416085542971e-01
5.569906569292097931e-01
-3.089243246466829573e-01
-6.316682830526709758e-01
4.482689889242017500e-01
-1.344434557187940582e+00
-1.287978238788385799e+00
-7.872511962275909880e-01
8.236359608145802369e-01
5.139038794894593698e-01
1.817335034653490666e+00
1.837856671179558532e+00
1.196944116930348301e+00
-1.204871520657959438e+00
-2.280048569240733514e-01
-1.628515183174656489e+00
-1.422568566774790044e-01
-1.405593317241041751e+00
7.681957512132286947e-01
-4.395106600488976056e-01
-1.832953997559186421e+00
-1.071793157350053649e+00
-7.127475357054133820e-01
-9.959579924454864397e-01
-1.630900801487165985e+00
6.513473425833806729e-01
-1.790207168325278264e+00
-4.309345888272022584e-01
-2.603038371041488830e+00
-7.156112294444514355e-01
-2.317790054471649874e+00
-1.431310429447222532e+00
3.789721180223164509e-01
5.130754865885209792e-01
1.330067205117950069e+00
-1.572523844050541797e-01
1.710390902945479352e+00
8.480139730420770405e-01
2.221684532924887101e+00
2.144026036899254528e+00
1.641699907607465203e+00
-6.117700935147336594e-01
1.733858677638626444e+00
1.182966164313665081e+00
1.258870274629297681e+00
1.295032277344440264e+00
8.242240894464258893e-01
1.733943087939675110e+00
-6.358170044269536580e-01
-5.617930105741251179e-01
-1.310872906987889941e+00
-6.060795229884983204e-01
-9.770716636963335811e-01
2.912108714530065035e-01
2.329982573150024550e+00
1.694286541004143221e+00
-4.782663303890888340e-01
1.332665511394378388e+00
-3.123220762572023190e-01
1.495411049649442159e+00
7.241085646799034770e-01
-3.386177854089011952e-02
3.140468180660847874e+00
-1.641660480476098805e+00
-1.509300153608090111e+00
-1.359351577404134037e+00
-2.140705216317408066e+00
-1.456606391254974708e+00
1.090177444662721262e+00
2.564126962408971977e+00
2.250517403911652004e+00
1.948621707996193830e+00
7.247286336362981363e-01
-2.362813982233280541e-02
1.300391131874867989e+00
8.842441801801097512e-01
1.066237476287367203e+00
1.784850873609988842e+00
-6.304952469708422491e-01
1.061290367650815858e+00
6.552838457450693710e-03
3.350392481493423835e-01
1.120198256265839243e+00
2.365997952269471849e+00
2.088305291450913703e-01
1.862695040646040301e+00
1.604357008649012428e+00
-3.588859992019450829e-01
-1.643938531320865426e+00
-5.669441210927199659e-01
-1.158151638519384408e+00
2.427622076438105125e-01
-5.826866893053403995e-01
-8.374127071340033979e-01
-1.102481113853154948e+00
-2.086140410597109085e+00
-6.572259405975278135e-01
-1.008284709253020717e+00
-1.708651034941495395e+00
-1.067793119723643436e-01
-1.441886236399692933e+00
-1.664082231607987516e+00
-2.481419202937000357e+00
9.765302714462712474e-01
4.414403629732209788e-01
6.261977753086653831e-01
2.123914905276614862e-01
2.776257660024275431e+00
-7.173326621069375797e-01
-1.271619662454961164e+00
-8.148144172167548493e-01
-1.356068040926555307e+00
-1.001858460848159771e+00
-6.089055944643424478e-01
-8.475429836488854729e-01
-3.281318959736778229e+00
-1.488312308735244782e+00
-1.548337962227552822e-01
1.154461149676044407e+00
2.436528400276444906e+00
2.038567845335435003e+00
-6.062110529177198170e-01
5.758299721615065536e-01
-1.867306401396101601e+00
-1.621339961649542971e+00
-3.745957460329497613e-01
-9.989199137426313380e-01
-9.520140366706689727e-01
9.984455458394468907e-01
9.693157700303530744e-01
1.209807045175575579e+00
1.442338429175222814e-01
2.159987082803553893e+00
1.670547829779316817e+00
-3.393316987687529096e-01
1.202508510707640088e+00
1.288485078946215445e-01
1.019658239085180274e+00
1.216264214753853379e+00
2.194723159232008669e+00
7.188287986564931842e-01
1.911608578731650354e+00
1.282651591674383695e+00
-1.151781372601287767e+00
-1.493714153939597056e+00
-1.980810394651301376e+00
-7.842241813355206315e-01
-1.493669570735994823e+00
4.623403983973146669e-01
-4.985862473518213323e-01
-2.262466039068321777e+00
-3.380561963770594147e-01
-1.139822995991651267e+00
-1.673546458918833135e+00
-1.239784602787121104e+00
-2.312511000378908221e+00
-7.446789989143254296e-01
5.160072642233592966e-01
2.307764141733318120e+00
2.341660968789383013e-01
1.610668451621333652e+00
1.248912277123791714e+00
1.724437105460420172e+00
-9.898906015661311786e-01
-1.421562265836938010e+00
-4.036545434643886709e-01
-8.397821635897515513e-01
-9.311419259768897172e-01
-1.810154185856639675e+00
-1.659841988764619858e-01
-1.756571646828986921e+00
-1.921052150188667262e+00
-5.670272008772456740e-01
9.193472822697295044e-01
9.591337453005874814e-01
1.302158903050417038e+00
7.044249212397484250e-01
-3.219109828078912106e-01
8.967211241678096911e-03
-1.938280375471389538e-01
-1.151446515575268670e+00
-1.015275102092475068e+00
-4.596075213194624753e-01
3.200072423916648923e-01
-5.987651237027180606e-02
1.932448789871656913e+00
4.400637847099432287e-01
8.812073074195306832e-01
1.235099479847986625e+00
1.843964957068420896e+00
1.781660554251423889e+00
1.532991954716618643e+00
2.278504637469468408e-01
1.598495850493458326e+00
1.273104860489989498e+00
1.736447314515872753e+00
8.126912680933572330e-01
4.620610540381077103e-01
-7.731185529881032803e-01
-8.275036570972171823e-01
-1.332111915293174853e+00
-1.829917242104412534e+00
-2.656851821733012819e+00
-1.632227448417355120e+00
-4.286919993912036153e-01
-1.641736178059101992e+00
7.281378031920049398e-01
-4.055200786418063919e-01
-1.170952880580430122e+00
-3.630041502922143337e-01
-1.975306368784760513e-01
-7.078463011085647238e-01
-7.855398735121164044e-01
1.230441133425992817e+00
2.607577481910055006e+00
2.968305654721361098e+00
2.011031537853565698e+00
1.279362749904355834e+00
-2.007843950144409195e+00
-2.135777984017826814e+00
-1.569688970954094431e+00
-2.007966572374854763e+00
-1.787761723264447378e+00
-1.533254744521171276e+00
-9.815127197707399498e-01
-1.013996832902853251e+00
-3.966817388917843745e-01
-1.985198800386485551e+00
5.610088340762340309e-01
1.228598773352774121e+00
7.468723494480866698e-01
2.869704915025503844e+00
1.714501458409047885e+00
-2.088451374744518141e+00
-2.267464668196271571e+00
-3.415026719891882667e-01
-6.537194160785340102e-01
-7.655468506625788816e-01
2.023754960675614001e+00
1.993023765427745619e+00
1.901009251040702619e+00
1.720147202244836748e+00
9.753836189521607469e-01
6.285353111110136837e-02
3.686332468698064746e-01
3.393280720037110676e-01
9.839329650351057444e-01
-3.574608351153698571e-01
9.749978112134478625e-01
9.201018607937969662e-01
2.230603935482958544e+00
1.268275518128066492e+00
7.928536227148985649e-01
-2.254762813192195292e+00
-5.308049442334525914e-01
-2.611021982792544271e+00
8.860874506405238549e-01
-1.794510433160043217e+00
-1.494689871130810754e+00
-3.867582363136830015e-01
5.731691922896196001e-01
-3.740879034991573260e-02
-1.344231505014801931e+00
-7.287910811367308561e-01
-1.343247259005413419e+00
-1.066121865042498840e+00
5.525608790342420029e-01
-2.412527557662486055e-01
3.076123154893303902e+00
1.498887945375038111e+00
3.631639693068984265e-01
2.709111557866266118e-01
4.096369244136854881e-02
-1.374137309230742954e-01
-9.255999440154368818e-01
-5.974875766354648121e-01
-3.006060708559344929e-01
-2.095575681279564950e+00
-8.793630928990998630e-01
-1.224188656439157752e+00
-4.824388989286794160e-01
-8.273878312110445332e-01
-1.777234065112275552e+00
7.993455782769358642e-01
1.148892101222865669e+00
2.110334346207296541e+00
7.754926182816423985e-01
1.016183857296981241e+00
-1.943097249140715910e+00
6.379199215984665550e-02
-1.094111650661196311e+00
-5.140147235636418621e-01
-4.950011341930043995e-01
